$Bac_richness
$Bac_richness$fixef
                   Estimate Est.Error    Q2.5   Q97.5
Intercept           4297.36     338.0  3636.1 4965.05
PA_rank10           -134.70     382.1  -887.3  617.03
PA_rank2           -1358.87     582.9 -2501.6 -224.40
PA_rank3            -239.12     365.1  -959.0  469.66
PA_rank5             -75.05     398.4  -859.9  709.93
PA_rank6            -821.81     386.0 -1585.1  -67.93
PA_rank7           -1086.64     582.6 -2234.7   59.22
PA_rank8              90.06     357.5  -616.8  786.33
PA_rank9            -165.72     746.6 -1619.6 1299.00
PA_rankUnprotected  -319.73     340.7  -994.6  348.52

$Bac_richness$emmeans
# A tibble: 10 x 4
   PA_rank     emmean lower.HPD upper.HPD
   <fct>        <dbl>     <dbl>     <dbl>
 1 1            4297.     3665.     4988.
 2 10           4163.     3812.     4513.
 3 2            2937.     2026.     3878.
 4 3            4058.     3777.     4337.
 5 5            4221.     3802.     4627.
 6 6            3476.     3110.     3840.
 7 7            3212.     2289.     4139.
 8 8            4387.     4143.     4617.
 9 9            4137.     2806.     5416.
10 Unprotected  3977.     3892.     4066.


$Bac_shannonDiv
$Bac_shannonDiv$fixef
                   Estimate Est.Error    Q2.5   Q97.5
Intercept           7.69636    0.1725  7.3596  8.0367
PA_rank10          -0.12503    0.1958 -0.5121  0.2584
PA_rank2           -0.71737    0.2958 -1.2952 -0.1358
PA_rank3           -0.18099    0.1870 -0.5505  0.1840
PA_rank5           -0.05185    0.2034 -0.4518  0.3455
PA_rank6           -0.53291    0.1975 -0.9194 -0.1453
PA_rank7           -0.47355    0.2989 -1.0657  0.1016
PA_rank8           -0.00267    0.1831 -0.3614  0.3559
PA_rank9           -0.14564    0.3812 -0.8843  0.6070
PA_rankUnprotected -0.19402    0.1739 -0.5368  0.1448

$Bac_shannonDiv$emmeans
# A tibble: 10 x 4
   PA_rank     emmean lower.HPD upper.HPD
   <fct>        <dbl>     <dbl>     <dbl>
 1 1             7.70      7.37      8.04
 2 10            7.57      7.39      7.75
 3 2             6.98      6.51      7.45
 4 3             7.52      7.37      7.65
 5 5             7.65      7.43      7.85
 6 6             7.16      6.98      7.35
 7 7             7.22      6.75      7.70
 8 8             7.69      7.58      7.82
 9 9             7.55      6.90      8.23
10 Unprotected   7.50      7.46      7.55


$Bac_JaccDist_av
$Bac_JaccDist_av$fixef
                    Estimate Est.Error      Q2.5    Q97.5
Intercept           0.875937  0.007412  0.861183 0.890410
PA_rank10          -0.004575  0.008386 -0.021114 0.011929
PA_rank2            0.010254  0.012687 -0.014415 0.035438
PA_rank3            0.005221  0.008047 -0.010406 0.021219
PA_rank5           -0.009126  0.008751 -0.026072 0.008344
PA_rank6            0.028879  0.008433  0.012526 0.045730
PA_rank7            0.012359  0.012634 -0.012390 0.037175
PA_rank8            0.002201  0.007866 -0.013130 0.017858
PA_rank9           -0.006068  0.016217 -0.037939 0.025997
PA_rankUnprotected  0.005164  0.007474 -0.009496 0.019967

$Bac_JaccDist_av$emmeans
# A tibble: 10 x 4
   PA_rank     emmean lower.HPD upper.HPD
   <fct>        <dbl>     <dbl>     <dbl>
 1 1            0.876     0.861     0.891
 2 10           0.871     0.864     0.879
 3 2            0.886     0.866     0.906
 4 3            0.881     0.875     0.887
 5 5            0.867     0.858     0.876
 6 6            0.905     0.897     0.913
 7 7            0.888     0.869     0.909
 8 8            0.878     0.873     0.883
 9 9            0.870     0.841     0.898
10 Unprotected  0.881     0.879     0.883


